Overall accuracy on the valid dataset:0.97
 Overall precision:0.79; Overall recall:0.77; Overall f1:0.77
**********
********** predictions **********

[[1 0 0 1 0 0 0]
 [0 0 1 0 0 0 0]
 [1 0 0 1 0 0 0]
 [1 0 0 1 1 0 0]
 [1 0 0 1 0 0 0]
 [1 0 0 1 0 0 0]
 [1 0 0 1 0 0 0]
 [1 0 1 1 0 1 0]
 [1 0 0 1 0 0 0]
 [1 0 0 1 0 0 0]
 [1 0 0 1 0 0 0]
 [1 0 0 1 0 1 0]
 [1 0 0 1 0 0 0]
 [1 0 0 1 0 0 0]
 [1 0 0 1 0 0 0]
 [1 1 0 1 0 0 0]]

********** ground truth **********

[[1 0 0 1 0 0 0]
 [0 0 1 0 0 0 0]
 [1 0 0 1 0 0 0]
 [1 0 0 1 1 0 0]
 [1 0 0 1 0 0 0]
 [1 0 0 1 0 1 0]
 [1 0 0 1 0 0 0]
 [1 0 1 1 0 1 0]
 [1 0 0 1 0 0 0]
 [1 0 0 1 0 0 0]
 [1 0 0 1 0 0 0]
 [1 0 0 1 0 1 0]
 [1 0 0 1 0 0 0]
 [1 0 0 1 0 0 0]
 [1 0 0 1 0 0 0]
 [1 1 0 1 0 0 0]]