tensor([[0., 0., 1.],
        [0., 0., 1.],
        [0., 0., 1.],
        [0., 0., 1.],
        [0., 0., 1.],
        [0., 0., 1.],
        [0., 0., 1.],
        [0., 0., 1.],
        [0., 0., 1.],
        [0., 0., 1.],
        [0., 0., 1.],
        [0., 0., 1.],
        [0., 0., 1.],
        [0., 0., 1.],
        [0., 0., 1.],
        [0., 0., 1.]])
***************
labels
tensor([[0., 0., 1.],
        [0., 0., 1.],
        [0., 0., 1.],
        [0., 0., 1.],
        [0., 0., 1.],
        [0., 0., 1.],
        [0., 0., 1.],
        [0., 0., 1.],
        [0., 0., 1.],
        [0., 0., 1.],
        [0., 0., 1.],
        [0., 0., 1.],
        [0., 0., 1.],
        [0., 0., 1.],
        [0., 0., 1.],
        [0., 0., 1.]])
  6%|▌         | 1/18 [00:01<00:21,  1.29s/it]predicted_classes:
tensor([[0., 0., 1.],
        [0., 0., 1.],
        [0., 0., 1.],
        [0., 0., 1.],
        [0., 0., 1.],
        [0., 0., 1.],
        [0., 0., 1.],
        [0., 0., 1.],
        [0., 0., 1.],
        [0., 0., 1.],
        [0., 0., 1.],
        [0., 0., 1.],
        [0., 0., 1.],
        [0., 0., 1.],
        [1., 1., 0.],
        [1., 0., 0.]])
***************
labels
tensor([[0., 0., 1.],
        [0., 0., 1.],
        [0., 0., 1.],
        [0., 0., 1.],
        [0., 0., 1.],
        [0., 0., 1.],
        [0., 0., 1.],
        [0., 0., 1.],
        [0., 0., 1.],
        [0., 0., 1.],
        [0., 0., 1.],
        [0., 0., 1.],
        [0., 0., 1.],
        [0., 0., 1.],
        [1., 0., 0.],
        [1., 0., 0.]])
 11%|█         | 2/18 [00:01<00:10,  1.47it/s]predicted_classes:
tensor([[1., 1., 0.],
        [1., 0., 0.],
        [1., 0., 0.],
        [1., 0., 0.],
        [1., 0., 0.],
        [1., 0., 0.],
        [1., 0., 0.],
        [1., 0., 0.],
        [1., 0., 0.],
        [1., 0., 0.],
        [1., 0., 0.],
        [1., 0., 0.],
        [1., 0., 0.],
        [1., 0., 0.],
        [0., 0., 1.],
        [0., 0., 1.]])
***************
labels
tensor([[1., 0., 0.],
        [1., 0., 0.],
        [1., 0., 0.],
        [1., 0., 0.],
        [1., 0., 0.],
        [1., 0., 0.],
        [1., 0., 0.],
        [1., 0., 0.],
        [1., 0., 0.],
        [1., 0., 0.],
        [1., 0., 0.],
        [1., 0., 0.],
        [1., 0., 0.],
        [1., 1., 0.],
        [0., 0., 1.],
        [0., 0., 1.]])
 17%|█▋        | 3/18 [00:01<00:07,  2.11it/s]predicted_classes:
tensor([[0., 0., 1.],
        [0., 0., 1.],
        [0., 0., 1.],
        [0., 0., 1.],
        [0., 1., 1.],
        [0., 0., 1.],
        [0., 0., 1.],
        [0., 0., 1.],
        [0., 0., 1.],
        [0., 0., 1.],
        [0., 0., 1.],
        [0., 0., 1.],
        [0., 0., 1.],
        [0., 0., 1.],
        [0., 0., 1.],
        [0., 0., 1.]])
***************
labels
tensor([[0., 0., 1.],
        [0., 0., 1.],
        [0., 0., 1.],
        [0., 0., 1.],
        [0., 0., 1.],
        [0., 0., 1.],
        [0., 0., 1.],
        [0., 0., 1.],
        [0., 0., 1.],
        [0., 0., 1.],
        [0., 0., 1.],
        [0., 0., 1.],
        [0., 0., 1.],
        [0., 0., 1.],
        [0., 0., 1.],
        [0., 0., 1.]])
 22%|██▏       | 4/18 [00:02<00:05,  2.63it/s]predicted_classes:
tensor([[0., 0., 1.],
        [0., 0., 1.],
        [0., 1., 1.],
        [0., 1., 1.],
        [0., 1., 1.],
        [0., 1., 1.],
        [0., 0., 1.],
        [0., 0., 1.],
        [0., 0., 1.],
        [0., 0., 1.],
        [0., 0., 1.],
        [0., 0., 1.],
        [0., 0., 1.],
        [0., 0., 1.],
        [0., 0., 1.],
        [0., 0., 1.]])
***************
labels
tensor([[0., 0., 1.],
        [0., 0., 1.],
        [0., 1., 0.],
        [0., 1., 0.],
        [1., 0., 0.],
        [1., 0., 0.],
        [1., 0., 0.],
        [0., 0., 1.],
        [0., 0., 1.],
        [0., 0., 1.],
        [0., 0., 1.],
        [0., 0., 1.],
        [0., 0., 1.],
        [0., 0., 1.],
        [0., 0., 1.],
        [0., 0., 1.]])
 28%|██▊       | 5/18 [00:02<00:04,  3.07it/s]predicted_classes:
tensor([[0., 0., 1.],
        [0., 0., 1.],
        [0., 0., 1.],
        [0., 0., 1.],
        [0., 1., 1.],
        [0., 0., 1.],
        [0., 0., 1.],
        [0., 0., 1.],
        [0., 0., 1.],
        [0., 0., 1.],
        [0., 1., 1.],
        [0., 0., 1.],
        [0., 0., 1.],
        [0., 0., 1.],
        [0., 0., 1.],
        [0., 0., 1.]])
***************
labels
tensor([[0., 0., 1.],
        [0., 0., 1.],
        [0., 0., 1.],
        [0., 0., 1.],
        [1., 0., 1.],
        [1., 0., 1.],
        [1., 0., 1.],
        [1., 1., 1.],
        [1., 1., 1.],
        [1., 1., 1.],
        [1., 1., 1.],
        [1., 1., 1.],
        [0., 0., 1.],
        [0., 0., 1.],
        [0., 0., 1.],
        [0., 0., 1.]])

